City State Population PopChange PopDens Under5 Over65 Asian Black Hispanic Birth InfantD CarD HeartD Income Poverty Unemploy Grants BankpP HousepP
Abilene__TX_MSA TX 121456 1.5 132.6 8.2 12.4 1.8 6.8 17.4 16.7 6.4 6.6 379.2 18572 17.6 4.9 6419 9178.6 17.2
Albany__GA_MSA GA 117674 4.5 171.7 8 9.3 0.6 48.1 1.2 15.9 11.9 16.5 260 17371 25.1 6 5249 7178.3 41.5
Albany_Schenectady_Troy__NY_MSA NY 876420 1.7 272 7 14.6 1.7 5.1 2.1 13.1 6 10 429.9 22701 10.5 4.6 7900 13008.1 22.1
Albuquerque__NM_MSA NM 674837 14.5 113.5 7.6 10.7 1.9 3.3 38.4 15.8 10.3 20 222.9 19890 17.9 5.3 7592 7145.6 46.4
Alexandria__LA_MSA LA 126491 -3.9 95.6 7.3 12.5 0.9 29.9 1.3 15.3 11.9 17.6 401.8 17801 24.1 6.8 5726 8561.1 11.6
Allentown_Bethlehem_Easton__PA_MSA PA 613836 3.2 556.4 6.3 16 1.5 2.5 5.8 12.1 7.8 15.2 423.4 21826 9 5.5 3870 11592.2 26.1
Altoona__PA_MSA PA 130923 0.3 249 5.8 17.6 0.4 1 0.4 11.6 11 18.3 561.5 18051 15.1 5.7 4692 10677.3 17.4
Amarillo__TX_MSA TX 208165 11 114.1 8.1 11.7 2.4 5.9 16 16.4 11 21.9 365.2 19791 16.5 3.9 5076 9230.2 13.6
Anchorage__AK_MSA AK 251047 10.9 147.9 7.7 4.7 5.9 6.2 4.7 18.5 7.3 14.3 99.8 27031 9.4 5.5 6758 7637.2 24.3
Anniston__AL_MSA AL 117092 0.9 192.4 6.5 12.9 0.9 19.1 1.4 14.3 7.5 24.2 411.8 16247 18 6.2 7200 9222.7 13.7
Appleton_Oshkosh_Neenah__WI_MSA WI 342154 8.6 244.6 6.7 12 1.6 0.4 1 13.6 4.4 10.5 319.4 21182 6.6 2.8 3212 7635.7 49.4
Asheville__NC_MSA NC 211284 10.2 191.1 6.2 16.9 0.6 7.8 1.1 12 9.4 11.6 430.2 19768 13.6 3.4 4526 8923.5 39.9
Athens__GA_MSA GA 138523 9.7 234.4 6.5 9.4 2.6 22.8 2.2 12.9 11.1 19.3 254.6 18148 19 3.1 3943 8470.8 59.4
Atlanta__GA_MSA GA 3627184 22.6 592.1 7.6 7.9 2.6 25.8 3 16.2 8.5 15.6 239 23633 13.4 3.8 4337 10987.7 69.9
Augusta_Aiken__GA_SC_MSA GA 457228 10.1 186.7 7.5 9.9 2 32.9 2.1 15.4 9 16.7 349.2 18746 16.6 6.7 7527 6806.9 37.6
Austin_San_Marcos__TX_MSA TX 1071023 26.6 253.4 8 8 3 10 24.3 16.2 5.3 18 203.4 20611 14.3 3 5082 6432.5 56.9
Bakersfield__CA_MSA CA 628605 15.3 77.2 10.1 9.9 4.4 6.4 33.8 20.6 11.2 22.3 286.4 16506 21.8 12.7 5004 3949.9 40.6
Bangor__ME_NECMA ME 143300 -2.3 42.2 5.4 12.2 0.8 0.4 0.6 11 5 15.1 338.2 18291 15.2 5.3 4508 9164.7 17.7
Barnstable_Yarmouth__MA_NECMA MA 205128 9.9 518.3 5.7 22.8 0.8 1.9 1.5 11 7.9 13.1 504.8 24886 9.8 5.8 5944 16382 49.2
Baton_Rouge__LA_MSA LA 570165 7.9 359.4 7.5 9.2 1.3 31.1 1.6 15.9 10.8 18.9 285.2 19383 18.9 5.8 4476 9443.9 29.3
Beaumont_Port_Arthur__TX_MSA TX 374991 3.8 174.1 6.8 13.2 2.1 24.6 5.1 14.8 9.8 22.2 381.7 18937 18 9.1 4388 7942.1 13.6
Bellingham__WA_MSA WA 154249 20.7 72.8 6.3 12.4 2.3 0.6 4 13.1 4.7 13.8 302.5 19191 11.8 7.5 4997 10778.7 75.3
Benton_Harbor__MI_MSA MI 160713 -0.4 281.5 6.9 14.3 1.2 16.6 1.9 13.9 7.6 13 390.7 19832 17.6 6 3732 8774.6 24.3
Billings__MT_MSA MT 125771 10.9 47.7 6.3 12.3 0.6 0.6 3 13 5.6 14.4 273.5 20524 12.6 4.4 4002 8514.7 24.9
Biloxi_Gulfport_Pascagoula__MS_MSA MS 343423 9.9 192.4 7.8 10.7 2.3 19.9 1.9 15.7 9.4 16.8 342.7 17002 18.8 5.2 10827 6864.4 34.6
Binghamton__NY_MSA NY 251698 -4.8 205.4 7.2 14.7 2.1 2 1.4 12 8 10.5 436.3 19469 12.1 4.4 5632 8424.4 9.1
Birmingham__AL_MSA AL 900029 7.2 282.4 7 13 0.6 28.9 0.6 14.2 11.3 24.4 370.3 21217 16.8 3.2 4466 12230.9 37.5
Bismarck__ND_MSA ND 91044 8.6 25.6 6.3 11.8 0.5 0.1 0.7 13.6 5.8 10.5 309.4 19312 10.5 2.9 5819 7203.1 46.6
Bloomington__IN_MSA IN 116653 7 295.8 5.4 8.8 3.1 2.9 1.7 9.9 8.9 12.7 223.3 17595 14 2.7 3435 6948 55.9
Bloomington_Normal__IL_MSA IL 140797 9 119 6.8 10.8 1.6 4.7 1.7 14 7.9 11.3 288.9 21815 8.8 3.1 2696 10205.5 57.2
Boise_City__ID_MSA ID 383843 29.7 233.4 7.6 10.7 1.5 0.5 7.6 15.6 5.3 17.5 283.8 21516 11.5 3.9 3864 7800.6 85.3
Boston_Worcester_Lawrence_Lowell_Brockton__MA_NH_NECMA MA 5827654 2.5 903.5 6.5 13.2 3.4 5.7 5.1 14.2 5.7 8.7 340.4 26093 10.6 4.2 5585 16052.9 18.1
Brownsville_Harlingen_San_Benito__TX_MSA TX 320801 23.3 354.2 9.8 10.7 0.4 0.4 84.4 25.7 6 14 209.3 11346 38.5 12.6 3505 5897.7 32.5
Bryan_College_Station__TX_MSA TX 133008 9.1 227.1 7 7 4.6 12 16.5 14.7 5.7 17.6 182.1 15224 19.9 2.5 3277 6720.6 42
Buffalo_Niagara_Falls__NY_MSA NY 1164721 -2.1 742.9 7 15.7 1.3 11.4 2.5 13.3 8 12.1 494.1 21079 14.9 5.1 4620 12563.1 18
Burlington__VT_NECMA VT 191088 7.9 151.8 6.2 9.1 1.4 0.9 1.2 14.3 5.6 7.7 279.1 21253 10.8 3.5 5002 10013.2 31.2
Canton_Massillon__OH_MSA OH 402644 2.2 414.7 6.4 14.9 0.5 7 0.9 13.2 7.9 16.3 394.9 19471 12.8 5.4 3681 8071.9 22.4
Casper__WY_MSA WY 63638 3.9 11.9 6.5 11.4 0.6 0.8 3.7 14.9 3.1 30.5 222.9 22819 13.6 6.4 3896 41622.9 8
Cedar_Rapids__IA_MSA IA 181704 7.7 253.2 6.5 12 1.1 2.2 1.4 14.4 7.1 6.4 276.3 22579 9.3 2.9 4821 10790.1 42
Champaign_Urbana__IL_MSA IL 168473 -2.6 168.9 7.2 9.2 5.8 10.6 2.2 13.6 8.9 9.7 227.6 19235 13.3 3.1 3837 11763.9 25.4
Charleston_North_Charleston__SC_MSA SC 509856 0.6 196.7 8.3 9.1 1.6 31.1 1.9 15.5 11.1 17.1 263.1 17598 16.5 5.5 6486 5095.2 39.9
Charleston__WV_MSA WV 253850 1.4 203.2 5.9 15 0.6 5.5 0.5 13.8 4.6 19 428.7 21300 18.5 5.4 6571 11502.1 13
Charlotte_Gastonia_Rock_Hill__NC_SC_MSA NC 1350243 16.2 399.7 7.3 11.3 1.4 20.4 1.5 14.6 9.3 14 334.7 21943 12.1 3.7 3079 12838.3 63.5
Charlottesville__VA_MSA VA 146617 11.6 124.6 6.4 11.5 2.5 15.9 1.4 13 6 17 264.6 23204 13 2.6 4139 9857 61.1
Chattanooga__TN_GA_MSA TN 447488 5.5 245.2 6.6 13 0.9 14.4 0.9 13.7 7 17.2 410 19890 16.7 4.6 5232 9873.1 32.4
Cheyenne__WY_MSA WY 78473 7.3 29.2 6.8 11.3 1.4 3.1 10.3 15.3 7.5 30.5 277.2 20913 11.5 3.6 8371 7244.5 25.8
Chicago_Gary_Kenosha__IL_IN_WI_CMSA IL 8642175 4.9 1247 8.1 11.3 3.9 19.3 13.1 17.4 9.7 11.3 342.2 25257 13.7 5 3874 13605.4 27.8
Chico_Paradise__CA_MSA CA 194160 6.6 118.4 7.2 18.6 3.7 1.4 9.6 12.9 6.4 23.3 426.1 17157 19 9 4329 6341.2 37.9
Cincinnati_Hamilton__OH_KY_IN_CMSA OH 1934145 6.4 507.7 7.4 12.1 1 11.5 0.6 14.7 9.3 13.2 350.5 21881 12.3 4.2 4230 10721.3 40.5
Clarksville_Hopkinsville__TN_KY_MSA TN 197481 16.5 156.7 8.8 8.7 2.3 20.8 4.4 20.4 9.3 18.5 241.2 14947 16.4 4.2 8121 5678.5 65.9
Cleveland_Akron__OH_CMSA OH 2908439 1.7 805.1 6.7 14.3 1.3 16.5 2.2 14.2 10.1 9 399.3 22921 14.6 5.1 4411 10238.3 24.7
Colorado_Springs__CO_MSA CO 480041 20.9 225.7 7.7 8.2 3.2 7.7 10.1 17.2 7.1 14.3 189.9 19613 12.1 4.6 6717 4737.3 47.2
Columbia__MO_MSA MO 128309 14.2 187.2 6.9 8.5 3.6 8.6 1.3 14 4.7 9.4 231 19849 14 1.7 3881 8965.9 71.7
Columbia__SC_MSA SC 503948 11 345.8 6.7 9.9 1.3 30.2 1.6 14.9 6.9 15.9 270.7 19979 14.4 3.7 6306 8870.4 45.4
Columbus__GA_AL_MSA GA 272035 4.3 173.3 7.8 10.6 1.8 39.6 4.1 16.5 11.8 20.8 343.6 17177 20.9 5.1 6550 9444.7 33.8
Columbus__OH_MSA OH 1460242 8.5 464.7 7.1 10.4 1.9 13.1 1 15.4 7.8 10 298.6 22060 12.4 3.1 4650 11323.4 49.8
Corpus_Christi__TX_MSA TX 387100 10.6 253.4 8.6 10.3 1.1 4.1 56.5 16.8 6.5 16.3 279.8 17350 22.9 8.4 5006 6081.1 20.1
Cumberland__MD_WV_MSA MD 99122 -2.5 131.6 5.5 18.9 0.5 2.6 0.5 9.3 8.5 13.8 548.4 16548 16.7 8 5425 6367.9 22.3
Dallas_Fort_Worth__TX_CMSA TX 4683013 16 514.4 8.3 8.5 3.4 14.2 15.1 17.3 6.8 14.4 258.2 23449 14.9 4 4180 9514.3 42.2
Danville__VA_MSA VA 108602 -0.1 107.1 5.8 16.6 0.4 34 0.6 12.3 16.2 26.6 550.4 16713 16.8 7.4 3505 10691.3 26
Davenport_Moline_Rock_Island__IA_IL_MSA IA 357163 1.8 209.1 7 13.6 0.9 6 5 13.4 7.3 13.5 396.5 20843 12.5 4.4 4581 10776.3 17.6
Dayton_Springfield__OH_MSA OH 944934 -0.7 561.3 6.7 12.8 1.2 14.3 0.9 13.6 7.2 12.4 373.5 21366 12.8 4.5 6319 8231.7 24.1
Daytona_Beach__FL_MSA FL 465925 16.6 292.9 5.7 23.2 1.2 10.5 5.1 10.6 5.3 13.9 568.6 17595 15 4.2 4820 10875.6 55.5
Decatur__AL_MSA AL 141690 7.7 111.1 6.9 12.1 0.4 12 0.8 14.1 7.8 19.9 384 18558 14.1 5.1 4214 7670.3 27.3
Decatur__IL_MSA IL 114265 -2.5 196.8 6.9 14.7 0.6 13.2 0.6 14.1 10.3 16.1 452.9 20842 13.7 8.1 3919 11889.9 17.5
Denver_Boulder_Greeley__CO_CMSA CO 2318355 17.1 272.9 7.2 9.3 2.8 5.2 14 15 6.9 14.1 227.6 24379 10.6 3.9 5312 8423.3 46.9
Des_Moines__IA_MSA IA 429717 9.4 248.7 6.9 11.5 2.1 4.1 2.5 15.2 7.9 13 296.8 23680 9.8 2.8 6400 10382.6 50.4
Detroit_Ann_Arbor_Flint__MI_CMSA MI 5438756 4.9 828.3 7 11.9 1.9 21 2.3 15.2 9.5 12.8 366.7 24459 15.7 4.5 4055 9129.2 27.1
Dothan__AL_MSA AL 134270 2.5 117.6 7.8 11.6 1.1 22.3 1.8 15.1 10 15 337.9 17182 17.7 4.5 5920 11465.7 23.3
Dover__DE_MSA DE 122709 10.6 207.7 7.8 10.9 1.8 20.5 3 15.9 8.4 39.7 304.7 17201 13 5.1 6658 13462.7 48.2
Dubuque__IA_MSA IA 88084 1.9 144.8 6.4 13.9 0.7 0.5 0.7 13.4 5.9 20.6 422.5 19895 10.2 5.7 3250 11529.9 31.6
Duluth_Superior__MN_WI_MSA MN 238184 -0.7 31.6 5.4 16.9 0.8 0.7 0.6 11 7.2 12.8 451.4 18377 14.4 5.6 4622 8382.6 22.4
Eau_Claire__WI_MSA WI 143486 4.3 87.1 6.4 13.3 2.3 0.2 0.6 12.5 7.3 12.1 337.2 18001 12.4 3.7 4052 6843.2 34
El_Paso__TX_MSA TX 701576 18.6 692.5 9.6 8.5 1.4 3.6 73.5 23.4 5.7 18.6 190.7 12941 30.2 11.6 4535 4470.4 27
Elkhart_Goshen__IN_MSA IN 170725 9.3 368.1 8.3 11.3 0.8 5 2.4 16.4 8.9 16.3 334.5 20795 9.8 3.9 2472 9020.9 38.1
Elmira__NY_MSA NY 93088 -2.2 228 7.1 15.6 1 6.1 1.8 12.4 8.5 16.8 433 18891 13.9 4.3 4170 8437.2 9.4
Enid__OK_MSA OK 56699 -0.1 53.6 6.7 15.7 1.2 3.7 2.4 13.2 6.7 19.5 419.5 18506 16.2 3.4 6191 9825.6 9.7
Erie__PA_MSA PA 279401 1.4 348.4 6.8 14.3 0.7 6 1.6 14 7.6 11.8 410.1 19254 13.9 5.8 3984 9157.1 20.9
Eugene_Springfield__OR_MSA OR 311356 10.1 68.4 6.2 12.9 2.4 0.9 3.4 11.9 7.3 12 311.9 19167 15 5.8 3745 6853.2 40.3
Evansville_Henderson__IN_KY_MSA IN 288929 3.6 196.9 6.8 14 0.6 6.1 0.6 13.3 8.9 18 397.1 20888 12.5 4.5 3840 10802 29.4
Fargo_Moorhead__ND_MN_MSA ND 166396 8.5 59.2 6.3 10.9 1.3 0.4 1.7 13.6 7.7 13.9 282.8 19496 11.6 2.5 3716 8276.6 61.6
Fayetteville__NC_MSA NC 284047 3.4 434.9 9.4 6.3 3.1 31.9 7.6 19.7 10 20.9 225.5 16784 15.5 4.7 10181 4686.2 53.8
Fayetteville_Springdale_Rogers__AR_MSA AR 266980 26.6 148.9 7 14.1 0.9 0.9 2.7 15.2 7.5 21.3 344.6 19008 10.8 2.9 3359 11026.7 77.2
Flagstaff__AZ_UT_MSA AZ 119547 17.5 5.3 8.3 6.4 1.1 1.7 11.3 16 8.2 25.1 149.7 15858 21.7 8.6 3994 4195 55.1
Florence__AL_MSA AL 137288 4.5 108.6 6.3 14.8 0.3 13 0.5 13 5.7 29.9 441.8 17380 14.4 6.2 4846 11569.1 23.1
Florence__SC_MSA SC 124379 8.8 155.6 6.8 11.6 0.3 39.6 0.5 14.2 14.5 22 416.1 17625 21.4 8.4 3849 7525.4 36.3
Fort_Collins_Loveland__CO_MSA CO 226021 21.4 86.9 6.7 9.9 1.8 0.7 7.5 13.1 7.6 14.6 214.9 20169 10.8 3.8 2975 7568.3 74.4
Fort_Myers_Cape_Coral__FL_MSA FL 387091 15.5 481.7 6.1 24.8 0.9 7.8 5.9 11.7 6 21.5 480.7 22056 12.3 3.7 4991 12638.4 86.9
Fort_Pierce_Port_St._Lucie__FL_MSA FL 295646 17.8 262.1 6.4 23.4 1 14.3 5.6 12 8.4 19.1 489.1 22565 13.9 10.3 5113 9018.6 72.9
Fort_Smith__AR_OK_MSA AR 192395 9.4 106.5 7.3 13.1 2.7 4.2 2.3 15.3 5.3 18.8 449.6 16963 17.6 5.3 3870 9650.5 28.3
Fort_Walton_Beach__FL_MSA FL 167580 16.6 179.1 7.9 9.2 3.8 10.3 4.2 15.1 6.6 13.7 260.8 18960 11.2 3.9 12331 8979 71.5
Fort_Wayne__IN_MSA IN 477536 4.7 195.1 7.7 12.1 0.9 7.3 2.2 16 7.9 16.2 393.9 21333 10.2 3.5 3917 9537.3 36.8
Fresno__CA_MSA CA 868703 15 107.2 10 10.8 9.3 5 41.2 20.9 9.2 30 275.2 17105 27.2 13.1 3511 4997 43.2
Gadsden__AL_MSA AL 104313 4.5 195.1 5.9 16.3 0.4 14.5 0.5 13.1 10.5 18 502.5 17008 17.9 5.3 4410 8162 15.6
Gainesville__FL_MSA FL 198326 9.2 226.8 6.7 9.5 3.5 21.8 4.7 12.9 12.1 14.3 210 19407 20.2 2.8 4711 7464 55.4
Glens_Falls__NY_MSA NY 122582 3.4 71.9 7.1 14.4 0.5 2 1.8 13.4 6.1 17.4 381.5 18226 11.4 6.3 3513 9750.2 32.4
Goldsboro__NC_MSA NC 111981 7 202.6 7.6 10.4 1.2 33.1 2.1 14.7 12.5 18.6 348.3 15770 17.5 4.8 5826 7324.5 29.2
Grand_Forks__ND_MN_MSA ND 101700 -1.5 29.8 7 12 1.3 1.7 2.9 14.9 5.8 10.6 344.8 17579 13.9 3.4 5613 7951.8 20.2
Grand_Junction__CO_MSA CO 110681 18.8 33.3 6.4 14.7 0.9 0.5 9.2 12.6 5.4 24.5 363.1 18193 14.2 5.4 3977 6554.9 44
Grand_Rapids_Muskegon_Holland__MI_MSA MI 1026295 9.4 372 8 11.5 1.2 7.5 3.7 15.8 7.9 14.6 294 21665 11.6 4.1 3041 9933.4 41.3
Great_Falls__MT_MSA MT 79134 1.9 29.3 7 12.7 1.1 1.6 2 15 9 15.1 300.4 18879 13.8 4.7 12253 6647 9.9
Green_Bay__WI_MSA WI 214244 10.1 405.2 6.9 10.8 1.7 0.6 1 14.7 9.2 11.4 318.2 21835 8.7 3 3023 11473.8 58.3
Greensboro__Winston_Salem__High_Point__NC_MSA NC 1152779 9.8 296.9 6.6 12.9 1 19.6 1.2 13.4 9.9 16 374.5 21786 11.3 3.3 3828 13392.4 44.6
Greenville__NC_MSA NC 121057 11.6 185.8 7.2 10.3 1 34.3 1.4 14.8 16.3 13.3 307.4 18542 22 5 3368 7927.7 80
Greenville_Spartanburg_Anderson__SC_MSA SC 904729 8.9 281.8 6.3 13.3 0.8 17.9 1 13.3 7.5 20.9 350.4 18639 12.7 4.3 3411 7778.4 42.8
Harrisburg_Lebanon_Carlisle__PA_MSA PA 615025 4.6 308.9 6.2 14.3 1.5 7.6 2.2 12.8 7.6 12.7 416.3 22289 8.9 3.4 7678 12048.3 31.5
Hartford__CT_NECMA CT 1105174 -1.6 729.5 6.7 14.1 2.2 9.4 8.1 14.1 9.3 9.7 351.2 26842 9.7 6.1 5086 17689.3 17
Hattiesburg__MS_MSA MS 109584 11 113.7 7.5 11.3 0.7 26.2 0.9 15.5 16.2 29.8 438.7 15842 22.9 4 3792 7757.5 6
Hickory_Morganton_Lenoir__NC_MSA NC 318368 8.9 194.3 6.5 12.7 0.9 7.7 1 13.4 9.5 20.4 348.9 19175 10.5 4 3093 9197.2 34.1
Honolulu__HI_MSA HI 869857 4 1449.3 7.6 12.6 64.3 3.8 7.3 17 6.7 8.2 241.1 25329 8.9 5.3 7281 13070.9 30.2
Houma__LA_MSA LA 191227 4.6 81.7 8 9.3 1 16 1.7 15.7 10.2 25.8 291.9 15132 21.9 4.6 3569 8984.1 23.6
Houston_Galveston_Brazoria__TX_CMSA TX 4320041 15.8 560.6 8.5 7.4 4.8 18.3 23.6 17.8 8 16.7 226.5 22651 17.8 5.5 3533 8460.4 30.4
Huntington_Ashland__WV_KY_OH_MSA WV 315204 0.9 145.9 5.7 14.5 0.4 2.2 0.5 12.6 6.3 22.6 467.3 16921 21.3 7.1 4808 7622.4 5.6
Huntsville__AL_MSA AL 332993 13.6 242.5 7.2 9.5 1.8 19.8 1.5 14.5 9 19.5 309.8 21139 13.2 3.5 10511 10063.9 29.6
Indianapolis__IN_MSA IN 1503468 8.9 426.7 7.4 11.3 1 13.6 1.1 15.8 8.5 12.4 335.1 23168 11.8 3.2 4388 9660.1 50.5
Iowa_City__IA_MSA IA 102318 6.4 166.5 6 7.4 5 2.4 2.3 12.8 10.1 8.2 176.4 21546 9.7 2.9 4329 11098.7 60.1
Jackson__MI_MSA MI 155346 3.7 219.8 6.7 13.1 0.6 8.4 1.8 13.5 7.8 18.5 363.4 18573 14.2 5.1 3358 5366.1 26.9
Jackson__MS_MSA MS 425383 7.6 180 7.6 10.2 0.6 43.3 0.6 16.1 8.9 21.5 342.5 19135 22.3 3.6 5535 10054.2 37.9
Jackson__TN_MSA TN 99319 9.4 117.5 6.9 13.8 0.4 29.5 0.6 13.7 11.4 16.1 442.3 18343 18.7 4.9 3820 10445.1 48.8
Jacksonville__FL_MSA FL 1034604 14.1 392.5 7.8 11.1 2.5 22.1 3.3 15.4 7.2 16.7 308.6 20936 14 3.6 5573 8185.2 56.8
Jacksonville__NC_MSA NC 143013 -4.6 186.5 9.7 4.7 3.1 19.7 8.1 21.8 10.1 18 135.6 13550 16.4 4.1 10169 3236.8 32.2
Jamestown__NY_MSA NY 140015 -1.3 131.8 7 16.3 0.5 2.2 3.7 12.4 6.8 21.1 481 17419 17.1 5.2 4265 6701.4 12.6
Janesville_Beloit__WI_MSA WI 150332 7.8 208.6 6.8 12.6 0.9 5.9 1.6 13.8 6.9 9.8 367.1 20483 11 3.8 3105 8227.8 38.9
Johnson_City_Kingsport_Bristol__TN_VA_MSA TN 460147 5.5 160.6 5.7 14.9 0.4 2.2 0.6 11.6 5.2 21.4 437.9 17261 17 4.9 4299 9547.2 23.3
Johnstown__PA_MSA PA 237674 -1.5 134.8 5.4 18.7 0.3 1.9 0.7 10.7 5 17.4 527.1 17466 14.8 7.9 5217 11950.4 12.6
Jonesboro__AR_MSA AR 76932 11.6 108.2 7 11.9 0.7 6.1 1.1 14.6 8.4 22.5 392.9 16472 16.8 4.1 3706 12976.4 49.4
Joplin__MO_MSA MO 147127 9.1 116.2 6.5 15.3 0.7 1.1 1 14.6 10.1 21.8 456.2 17806 16.2 4.3 4535 8569.5 26.6
Kalamazoo_Battle_Creek__MI_MSA MI 446699 4 237.4 6.9 12.4 1.4 9.9 2.4 14.2 5.4 17.4 345.8 20706 15.1 4.4 3843 6693.3 26.9
Kansas_City__MO_KS_MSA MO 1709273 8 316.1 7.2 11.4 1.4 13.3 3.5 14.4 7.6 14 338.5 22642 12.4 4.1 4662 10753.4 40
Killeen_Temple__TX_MSA TX 299740 17.4 142 9.1 8.2 4.1 19.7 14.9 21.3 6.2 16.5 310.1 15552 15.4 4.8 8859 4524.3 32.8
Knoxville__TN_MSA TN 654181 11.6 267.1 6.3 13.4 1.1 6.4 0.8 12.6 5 21 349.8 19963 15.4 4.2 7102 9251.7 42.5
Kokomo__IN_MSA IN 99981 3.1 180.6 6.7 12.3 0.7 5 1.6 13.7 8.1 15.2 374.8 21814 11.4 3.6 3433 8538.6 31.4
La_Crosse__WI_MN_MSA WI 121507 4.4 120.2 6.4 13.4 3.1 0.5 0.8 13.1 3.2 16.1 327 20084 11 3.1 3266 7895 35.6
Lafayette__LA_MSA LA 372027 7.8 143.4 8.1 10.4 0.8 29.1 1.4 16.4 11 20.4 316.6 16551 23.8 6 3686 8188.9 20.8
Lafayette__IN_MSA IN 171539 6.2 189.6 6.5 10.8 3.7 1.8 2 13.3 7.2 12.8 330.1 18988 11.5 2.9 3194 9949.9 42.2
Lake_Charles__LA_MSA LA 178874 6.4 167 7.3 11.3 0.5 24.7 1.3 16 9 19.9 351.6 17933 19.1 6.2 4120 6729.9 31.8
Lakeland_Winter_Haven__FL_MSA FL 448646 10.7 239.3 7 18.5 0.9 15.4 5.3 14.4 10.2 26.3 431.1 17833 17.9 6.6 3971 7799.7 40.2
Lancaster__PA_MSA PA 454063 7.4 478.4 7.5 13.5 1.5 3 4.7 15.6 5.5 12.7 362.9 21811 9.6 3.3 3153 10694.6 37.4
Lansing_East_Lansing__MI_MSA MI 447349 3.4 262 6.9 9.5 2.5 7.9 4.6 13.5 8.3 14.2 263.4 20747 12 3.7 5669 6727.4 29
Laredo__TX_MSA TX 183219 37.5 54.6 11 8.6 0.5 0.2 94.9 29.9 6.1 14.8 185.5 11287 36.1 12.7 3198 13911.8 54.2
Las_Cruces__NM_MSA NM 168470 24.3 44.2 8.5 9.1 1.2 1.9 57.6 19.9 5.5 18.4 195.5 13696 30 10.2 5708 4634.1 36.2
Las_Vegas__NV_AZ_MSA NV 1262099 48 32.1 7.6 12.3 4.2 9.1 14.1 16.8 7.5 18.8 303.2 22338 12.9 5.5 4630 6426.9 134.8
Lawrence__KS_MSA KS 91093 11.4 199.3 6 8.3 3.7 4.3 3.4 12.8 7.2 10.7 200.2 16791 13.6 4.9 2940 5864.3 79.8
Lawton__OK_MSA OK 113957 2.2 106.6 8.4 8.9 3.4 17.9 8 18.5 7.1 19.9 277.5 15088 17.3 4.6 9504 4681.6 11.1
Lewiston_Auburn__ME_NECMA ME 101045 -4 214.9 6.1 14.2 0.7 0.6 1 11.9 9.8 12.5 414.7 19009 14.5 5.7 4166 8227 17.6
Lexington__KY_MSA KY 444073 9.4 231.3 6.6 10.3 1.4 10.1 1 13.9 7.4 14.1 306 20162 16.2 2.8 4139 9146.5 54
Lima__OH_MSA OH 154944 0.4 192.3 7.1 13.9 0.6 8.7 1.2 13.7 6.1 18.6 404.8 18865 11.7 6.1 4671 11458.3 20.9
Lincoln__NE_MSA NE 233319 9.2 278.1 6.5 10.8 2.3 2.4 3 13.8 7 8.6 281.6 21174 9 2.6 4762 10018.5 55.4
Little_Rock_North_Little_Rock__AR_MSA AR 552194 7.6 189.8 7.3 10.9 0.8 20.8 1.5 15 9.3 17.3 312.2 19988 15.2 3.8 5461 9915.5 29.7
Longview_Marshall__TX_MSA TX 208250 7.5 118.3 7 13.9 0.5 21.7 3.6 14.1 7.7 25.8 404 18340 18.6 7.7 3678 8442.3 9.4
Los_Angeles_Riverside_Orange_County__CA_CMSA CA 15608886 7.4 459.5 9 10.2 11.1 8.4 37.8 19.5 6.9 13.5 283.8 21542 19.9 7.3 4220 7702.2 17.3
Louisville__KY_IN_MSA KY 993369 4.7 479.4 6.6 12.4 0.8 13 0.8 14 9.2 12.9 386.7 22080 15 4.4 4383 12164.3 39.1
Lubbock__TX_MSA TX 230672 3.6 256.4 7.9 10.2 1.7 8.3 26.8 16.5 5.8 15.1 306.3 18635 21 3.9 3826 10491.1 22
Lynchburg__VA_MSA VA 207426 7 115.8 6.2 14.8 0.6 19.5 0.8 13.2 12.7 17.1 412.4 18824 13.3 3.7 4666 8856.2 34.9
Macon__GA_MSA GA 316077 8.6 206.3 7.5 10.6 1 38 1.5 15.5 16 14.4 370 18600 19.3 4.8 6928 7726.9 41.4
Madison__WI_MSA WI 397511 8.3 330.7 6.3 9.4 3.1 3.5 2.1 12.4 7.4 11 242.8 24435 8.4 1.7 5539 9877.2 58.1
Mansfield__OH_MSA OH 174851 0.5 194.4 6.4 13.8 0.5 6.8 0.8 13 8.8 13.1 424.5 17889 13.1 6.1 3694 8430 16.4
McAllen_Edinburg_Mission__TX_MSA TX 510922 33.2 325.6 10.3 10 0.4 0.3 87.3 27.4 5.1 20.8 190.4 10347 41.1 19 3251 6254.8 41.9
Medford_Ashland__OR_MSA OR 170960 16.8 61.4 6.3 15.7 1.2 0.3 5.7 12.3 9.5 17.5 343.4 18888 14.4 8.3 3994 7043.2 55.8
Melbourne_Titusville_Palm_Bay__FL_MSA FL 460977 15.5 452.6 6.6 16.7 2 9.2 4.1 11.8 7.9 16.7 360.6 19567 11.6 5.4 9760 6496.9 55.7
Memphis__TN_AR_MS_MSA TN 1083186 7.5 360.1 8.1 10 1.1 41.9 1.1 17.3 14 23 350.6 21564 21.7 4.4 4640 9533.7 47.6
Merced__CA_MSA CA 196123 9.9 101.7 11.1 9.5 10.3 4.8 38.3 21.1 7.2 27 213.8 15106 24.5 16.2 3472 3743.1 38.1
Miami_Fort_Lauderdale__FL_CMSA FL 3515358 10.1 1114.7 6.9 16.9 1.8 19.6 36.6 15.4 7.8 16.2 436.7 21918 20 6.4 4228 12503.1 42.8
Milwaukee_Racine__WI_CMSA WI 1636572 1.8 912.7 6.9 12.2 1.6 14.8 4.6 15 9.9 8.8 350.8 23729 13.3 3.5 3848 12398.8 33.5
Minneapolis_St._Paul__MN_WI_MSA MN 2792137 10 460.4 7.2 9.7 3.4 4.4 2 15.5 7 10.4 241.6 25231 9.5 3.1 3860 10266.6 43.4
Mobile__AL_MSA AL 527118 10.5 186.3 7.5 12.7 0.9 28 1.2 15.9 10.4 26.9 347.5 17148 21.9 5.2 4301 9227.5 37.9
Modesto__CA_MSA CA 421818 13.8 282.2 9.8 11.1 6.6 1.8 26.7 18.2 8.5 19.2 279.5 17342 17.2 14 3219 5025.4 32.8
Monroe__LA_MSA LA 147055 3.4 240.7 7.6 11.7 0.7 33 1 15.2 10.8 25.5 344 16520 25.1 6.4 3709 10033 20.2
Montgomery__AL_MSA AL 319175 9.1 159 7.4 11.4 0.7 36.7 1 15.9 12 18.8 341.8 19607 19 4 7885 10459.5 37.7
Muncie__IN_MSA IN 117625 -1.7 299.1 5.9 12.8 0.7 6.6 0.9 12.1 7 13.4 391.4 19292 16.4 4.6 3458 8433.6 20.1
Myrtle_Beach__SC_MSA CS 169178 17.4 149.2 6.3 13.5 1 18 1.2 12.4 12.2 26.4 341.6 17804 17.8 5.5 3481 9196.2 91.3
Naples__FL_MSA FL 195731 28.7 96.6 6.5 22.4 0.6 5.7 17.1 13.9 8.5 27.7 388.6 30910 13.1 5.8 4144 16523.7 159
Nashville__TN_MSA TN 1134524 15.2 278.5 7.2 10.4 1.4 15.7 1.1 14.7 8.2 18.9 334.5 23037 14.4 3.3 4494 11628.8 56.3
New_London_Norwich__CT_NECMA CT 252958 -0.8 379.8 7.4 12.9 2 5.3 4.1 11.5 7.3 8.9 332.5 24075 8.3 5.9 10770 10369.7 23.1
New_Orleans__LA_MSA LA 1307758 1.8 384.7 7.4 11.1 2.1 35 4.8 16.1 9.5 15.5 348.7 19835 24.4 6.5 5614 9526.9 18.8
New_York_No._New_Jersey_Long_Island__NY_NJ_CT_PA_CMSA/NECMA NY 19876488 2 1955.3 7.2 13.4 6.2 19.3 16.8 15.8 7.9 9.9 403 29021 14.7 6.5 4831 19988.5 11.9
Norfolk_Virginia_Beach_Newport_News__VA_NC_MSA VA 1544945 6.9 657.8 7.9 9.6 3.2 29.7 2.9 17.1 9.2 9.4 278.5 19005 14.1 4.8 8132 5452.1 39.6
Ocala__FL_MSA FL 237308 21.8 150.3 6.4 22.1 0.7 14.6 4 11.9 8.8 28 504.3 16629 18.4 4.9 4802 9817.2 65
Odessa_Midland__TX_MSA TX 243389 7.9 135.1 9.5 9.2 1 6.6 30.4 17.4 7.1 10.3 219.4 19798 18.8 5.7 2901 9198.4 9.3
Oklahoma_City__OK_MSA OK 1030504 7.5 242.6 7.2 10.9 2.2 10.8 4.6 14.6 7.3 15 354.4 19031 16.1 3.4 5589 8184.6 25.3
Omaha__NE_IA_MSA NE 687454 7.5 277.7 7.3 10.5 1.5 8.5 4.3 15.6 8.4 13.9 322.1 22514 10.8 3 5121 10807.9 39.2
Orlando__FL_MSA FL 1467045 19.8 420.2 7.2 13.2 2.5 13.8 10.5 15 7.1 14.3 316.2 20120 13.4 3.8 4490 7836.7 79.1
Owensboro__KY_MSA KY 91011 4.4 196.8 7.2 12.8 0.4 4.3 0.4 13.7 4.9 16.9 409.1 18088 16.5 5.8 3860 9130.8 30
Panama_City__FL_MSA FL 146223 15.1 191.5 7.3 12 2.6 12.4 2.4 14 11.2 20.2 299.8 17840 16.3 5.9 8014 4883.6 49.9
Parkersburg_Marietta__WV_OH_MSA WV 150641 1 150.3 6.1 14.7 0.4 1.1 0.4 12.4 10.1 13.3 451.2 18614 16.1 6.2 4538 11348.8 9.9
Pensacola__FL_MSA FL 397085 15.3 236.4 7.4 11.2 2.5 17.6 2.4 14.3 7.5 17.5 320.7 17517 18.2 3.9 6535 7146.8 52.5
Peoria_Pekin__IL_MSA IL 345954 2 192.6 7 13.9 1 8 1.4 13.9 7.7 12.8 366.3 21464 12.1 6.1 3678 8478 21.9
Philadelphia_Wilmington_Atlantic_City__PA_NJ_DE_MD_CMSA PA 5971860 1.3 1006 7.1 13.8 2.7 19.4 4.7 14.8 8.9 12 385.6 25055 13.2 5.7 5073 14586.3 21.4
Phoenix_Mesa__AZ_MSA AZ 2839539 26.9 194.8 7.8 12.7 2.2 4 19.5 17.8 8.1 16.4 298.5 20999 16.5 3.7 4219 8362.1 65.9
Pine_Bluff__AR_MSA AR 82259 -3.8 93 7.3 12.5 0.5 45.7 0.9 15.2 10.9 25.9 446.8 15782 27.6 7.7 5350 8853.7 10.6
Pittsburgh__PA_MSA PA 2361019 -1.4 510.6 5.8 17.7 0.9 8.3 0.7 11.9 8.4 11.8 497 22751 13.1 5 5621 16208.5 17.7
Pittsfield__MA_NECMA MA 134244 -3.7 144.1 5.6 17.7 1 2.2 1.3 10.9 4 19 448.8 22526 11.7 4.9 5959 14539.9 17.3
Pocatello__ID_MSA ID 73850 11.8 66.3 7.9 9.6 1.3 1.1 5.6 17.6 6.3 11.7 293.2 16382 12.4 5.3 3597 6467.2 27.7
Portland__ME_NECMA ME 251438 3.4 300.9 5.7 13.7 1.1 0.7 0.8 12.4 3.9 11.9 346.2 24090 11 2.9 4494 13235.1 30.4
Portland_Salem__OR_WA_CMSA OR 2112802 17.8 303.8 6.9 12 3.9 2.7 5.6 14.6 6.5 12.5 319.4 22172 11.7 4.7 3870 8351.7 57.8
Providence_Warwick_Pawtucket__RI_NECMA RI 904831 -1.2 961.6 6.4 15.9 2.2 4.8 6.3 13.6 5.2 9.6 410.4 21929 12.8 5.1 4885 15441.9 17.8
Provo_Orem__UT_MSA UT 328142 24.5 164.2 10.2 7 1.8 0.2 4 25.1 5.4 13.4 168 14444 13 2.9 2107 4535.5 64
Pueblo__CO_MSA CO 132901 8 55.6 6.6 15.4 0.8 2.2 39 13.8 8.5 18.6 378.8 17117 20.7 5.9 4692 7100 28.9
Punta_Gorda__FL_MSA FL 133681 20.5 192.7 4.4 34.3 1 4.4 3.4 8 4 13.3 590.2 18976 10 4.2 5489 10786.1 80.8
Raleigh_Durham_Chapel_Hill__NC_MSA NC 1050054 22.3 300.8 7 9.7 2.4 24.2 2.1 14.8 8.8 14.9 267.9 22993 11.2 2.3 4633 9087.6 74.2
Rapid_City__SD_MSA SD 87190 7.2 31.4 8.3 9.8 1.5 2 2.8 16.3 9.9 15.3 292.5 19135 14.8 3.3 5760 9146.7 34.1
Reading__PA_MSA PA 354057 5.2 412.1 6.4 16.1 1.3 3.6 6.4 13.4 6.4 13.1 440.7 22467 11.2 4.3 3629 10260.2 30.3
Redding__CA_MSA CA 163178 11 43.1 7.8 15 2.4 0.8 5 13.2 8.5 25.4 346.6 18326 15.9 9.9 4863 7450.1 51.4
Reno__NV_MSA NV 305792 20.1 48.2 7.5 11.1 5.2 2.5 12.1 15.6 4.1 13.8 295.1 27062 10.3 4.8 3683 7782.1 65.6
Richland_Kennewick_Pasco__WA_MSA WA 182799 21.8 62.1 8.2 9.5 2.7 1.9 17.1 17.3 6 18.6 239.9 20799 12.9 9.4 11727 4623.1 43.3
Richmond_Petersburg__VA_MSA VA 943264 9 320.3 6.7 11.6 1.8 29.9 1.4 14.5 9.8 14.1 335.3 24358 12.1 3.7 5083 16084.3 45.4
Roanoke__VA_MSA VA 228534 1.8 268.6 5.7 16.1 0.9 13.2 0.8 12.5 9.1 10.6 469.8 22417 12 2.9 4678 13949.3 27.9
Rochester__MN_MSA MN 114619 7.7 175.5 7.5 10.1 4.2 0.9 1.2 15.3 7.5 8.2 250 23114 7.3 3 3515 7230.9 49.5
Rochester__NY_MSA NY 1086082 2.2 317 7.6 12.8 1.8 10 3.7 14 7.4 11.6 342.5 22593 11.2 4 3977 9629.8 21.5
Rockford__IL_MSA IL 354774 7.6 228.3 7.6 12.8 1.3 7.6 4.4 14.6 9.9 17.7 316.5 20838 10.7 4.8 3084 9305.1 41.8
Rocky_Mount__NC_MSA NC 145571 9.1 139.2 7 12.6 0.3 41.6 1 15.1 16.5 26.3 426.4 17932 18.7 8.5 3640 8685.8 25.7
Sacramento_Yolo__CA_CMSA CA 1655866 11.8 325.1 8.1 11.5 9.7 7 14.4 15.9 7.5 16.5 271.1 21811 14.6 6 7601 5950.7 42.4
Saginaw_Bay_City_Midland__MI_MSA MI 402949 0.9 227.1 7 12.5 0.9 10.6 5.1 14.3 8.2 17.9 357.5 20908 16.9 4.9 3547 6581.5 22.1
St._Cloud__MN_MSA MN 161211 7.8 92 6.9 11.1 0.9 0.4 0.6 13.4 2.9 20.2 260.8 17141 10.6 5 2903 10704.6 50.4
St._Joseph__MO_MSA MO 97111 -0.6 114.9 6.7 16.3 0.4 3.1 2.2 14 8.8 28.5 489.9 18213 16.2 6.6 4227 10489 19.5
St._Louis__MO_IL_MSA MO 2557806 2.6 400.1 7.3 12.5 1.2 17.6 1.3 14.7 8.4 15.9 392.2 23684 13.1 4.5 7964 11554.8 29.8
Salinas__CA_MSA CA 361907 1.8 108.9 9.7 10.3 10.1 6 39.9 21.3 5.8 14.1 226.7 22548 16.1 11 4864 6068.4 22.2
Salt_Lake_City_Ogden__UT_MSA UT 1247554 16.4 771.3 9.3 8.4 3 1.2 7.3 19.2 6.4 13.2 196.4 18625 9.9 3.2 4073 7550.9 44.8
San_Angelo__TX_MSA TX 102648 4.3 67.4 8 13 1.4 4.4 30 14.8 4.7 22.2 368.6 18209 17.2 3.5 4750 9138 17.2
San_Antonio__TX_MSA TX 1511386 14.1 454.3 8.7 10.6 1.6 6.6 52.1 17.5 7.5 13.1 280.6 18466 21.9 4.3 5738 6485.2 26.8
San_Diego__CA_MSA CA 2722650 9 647.6 8.4 11.7 10.2 6.4 25.1 18.2 6.6 11.4 266.4 21626 16.3 5.3 6291 6428.1 20.5
San_Francisco_Oakland_San_Jose__CA_CMSA CA 6700753 6.7 909.4 7.4 11.7 18.1 8.7 18.6 15.3 6.1 10.8 280.4 28322 10.2 4.6 4827 12830.6 18.9
San_Luis_Obispo_Atascadero_Paso_Robles__CA_MSA CA 233291 7.4 70.6 6.8 15.1 3.7 2.8 16.5 12 7.1 10.9 341.4 19160 12.7 5.5 3437 6880.7 31.6
Santa_Barbara_Santa_Maria_Lompoc__CA_MSA CA 390199 5.6 142.5 8 12.9 5.7 3 32.1 16.7 5 13.5 305.6 24485 14.5 5.7 5266 9907.3 15.8
Santa_Fe__NM_MSA NM 140066 19.7 69.4 6.8 10.2 1.1 0.9 45.2 13 5.8 23.5 174.2 23572 11.6 5.1 13700 8801.6 22.6
Sarasota_Bradenton__FL_MSA FL 538783 10.1 410.3 5.2 30.9 0.8 6.8 4.1 10.2 10.2 16.3 649.5 27083 11.2 3.3 5564 14300.6 64.4
Savannah__GA_MSA GA 284090 10.2 208.6 7.7 11.7 1.4 36.6 1.8 16.6 12 18.7 350.5 19586 18.6 4.8 6947 8710.6 45.4
Scranton__Wilkes_Barre__Hazleton__PA_MSA PA 621641 -2.6 278.4 5.5 19.9 0.7 1 0.7 10.9 6.8 12.5 581.8 19600 12.5 7.1 5412 13000.8 17.7
Seattle_Tacoma_Bremerton__WA_CMSA WA 3367872 13.4 466.2 7 10.6 7.7 5 4 14.4 6 11.2 265 24785 10.3 5.4 5146 9604.6 50.7
Sharon__PA_MSA PA 122045 0.9 181.6 5.7 17.8 0.4 5.5 0.5 11.9 10.3 22.1 509.1 17542 14.8 4.4 4500 10955 17.7
Sheboygan__WI_MSA WI 109896 5.8 213.9 6.3 14.5 2.6 0.7 2.1 12.9 7.9 11.4 420.6 21331 7.3 2.8 2964 11404.4 36.9
Sherman_Denison__TX_MSA TX 101541 6.9 108.8 6.5 17 0.6 7.4 3.7 12.3 5.8 24.1 546.4 18478 15.9 4.8 3806 11128.5 8.4
Shreveport_Bossier_City__LA_MSA LA 378738 0.6 163.5 7.5 13 0.7 36.3 1.4 14.9 10.3 20.6 378.9 18828 22.9 7.2 5299 8442.2 15.9
Sioux_City__IA_NE_MSA IA 120823 5 106.3 7.3 14 1.9 1.9 4.8 16.9 13.9 14.5 460.5 20200 12.8 3.6 3970 10177.7 28.3
Sioux_Falls__SD_MSA SD 160670 15.4 115.8 7 11.9 0.7 0.7 0.7 14.8 7.1 14.4 312.5 22982 8.9 2.1 3906 30202.9 59
South_Bend__IN_MSA IN 258056 4.5 564.3 7.1 14.2 1.3 10.7 2.7 14.3 9.1 9.6 399.7 20587 12.1 4 5302 8236.6 34.9
Spokane__WA_MSA WA 404650 12 229.4 6.7 13.2 2.3 1.6 2.6 13.6 6.9 13.3 345 19564 13.4 5.8 4542 7430.1 48.8
Springfield__IL_MSA IL 203942 7.6 172.5 7.2 14 1 8.3 0.9 13.9 9.6 10.9 398.5 22436 10.6 4.5 10444 14295.7 43.9
Springfield__MO_MSA MO 300980 13.9 164.3 6.3 13 0.8 1.7 1 13.5 7.2 16.3 382.9 18826 15.3 3.4 3597 9237.5 51.7
Springfield__MA_NECMA MA 591110 -2 515.1 6.6 14.4 1.9 7.7 9.8 13.3 8.4 11.4 391.3 20561 13.2 4.5 4566 11181.8 16.1
State_College__PA_MSA PA 132993 6.6 120.1 5.3 9.5 4.3 2.6 1.4 10.3 5.2 12.6 247.4 17659 11.8 2.9 4028 9414 33.1
Steubenville_Weirton__OH_WV_MSA OH 136725 -4.1 235.1 5.2 17.2 0.4 4.2 0.6 10.6 5.4 15.6 493.4 17643 16 6.3 4665 8370.1 5.7
Stockton_Lodi__CA_MSA CA 542504 12.9 387.7 9.4 11.6 15.2 5.8 27.7 18 7.6 20.2 304.6 18093 18.8 11.2 3660 5888.8 32.6
Sumter__SC_MSA SC 106589 5.2 160.2 7.6 9.9 1.1 44.6 1.5 15.7 12.6 25.1 370.4 14429 21.9 6.5 5672 4747.2 30.2
Syracuse__NY_MSA NY 740771 -0.2 240.3 7.6 13 1.5 6.2 1.7 13.8 9.8 13.2 367.9 20103 12.5 4.8 4014 9797.2 17.2
Tallahassee__FL_MSA FL 260611 11.6 220.3 6.6 9 1.7 33.1 3.1 13.8 10.8 23.7 241 18977 17.3 3.1 9879 7983.9 61.4
Tampa_St._Petersburg_Clearwater__FL_MSA FL 2227000 7.7 871.8 6.1 21.9 1.6 10.2 8.6 12.6 8.8 18.1 535.3 21357 14.8 3.9 5404 10921.2 40.8
Terre_Haute__IN_MSA IN 148468 0.6 145.9 6.2 15.9 1 4.3 0.9 13.2 8.6 12.8 498.8 17671 13.9 6.5 4329 12377.8 20.9
Texarkana__TX_Texarkana__AR_MSA TX 123380 2.7 81.6 6.9 14.3 0.4 23.4 1.8 14.4 5.7 23.1 470.5 16560 19.3 7.4 6324 9105.2 15.6
Toledo__OH_MSA OH 611805 -0.4 448.3 7.2 12.9 1.2 12.2 3.9 14.8 8.7 13.7 434.4 21235 14.8 4.8 3929 8588.4 20.1
Topeka__KS_MSA KS 164932 2.5 299.9 6.7 13.1 1 9 6.4 14.3 5.5 10.4 361.1 21425 12.1 5.2 7499 9659.7 31
Tucson__AZ_MSA AZ 780150 17 84.9 7.4 13.8 2.3 3.7 27.9 15.5 7.7 19.2 335.7 18575 19 3.7 6192 6373 47.7
Tulsa__OK_MSA OK 764396 7.8 152.4 7.2 11.6 1.1 8.5 2.7 14.7 8.8 18.1 353.3 20048 16.3 3.3 3430 9439.5 26.3
Tuscaloosa__AL_MSA AL 160760 6.8 121.3 6.4 11.5 1 27.6 0.9 13.7 14.1 22.2 345 17560 19.3 3.6 4073 8387.7 41
Tyler__TX_MSA TX 166723 10.2 179.6 7.1 14 0.6 21.9 7.1 15.5 7.3 18.7 387.5 19994 17.6 6.4 3781 10010.6 13.9
Utica_Rome__NY_MSA NY 298878 -5.6 113.9 7 16.2 1 5.1 2.5 12.5 7.6 12.5 460.9 18257 14.1 5.3 5084 9744.4 14.3
Victoria__TX_MSA TX 82024 10.3 92.9 8.3 11 0.5 6.8 38.9 16.2 7.7 20.7 332.9 20172 18.1 5.1 3304 11713.6 13.8
Visalia_Tulare_Porterville__CA_MSA CA 353175 13.2 73.2 10.3 11 5.8 1.7 44.9 21.3 7.1 32.8 319.4 15783 28.2 15.9 3355 5001.5 36.5
Waco__TX_MSA TX 202983 7.3 194.8 7.5 14 1 16.4 14.9 16.2 8.7 22.8 416.4 17564 21.3 4.5 4873 8284.9 14.1
Washington_Baltimore__DC_MD_VA_WV_CMSA DC 7206517 7.1 752.4 7.1 10.3 4.8 25.7 4.9 15.2 9.2 11.4 267.8 26919 9.9 4.4 10682 8931.7 40
Waterloo_Cedar_Falls__IA_MSA IA 121502 -1.9 214.1 6 13.5 1.1 7.4 1.1 13 6.2 19.3 422.1 19444 14.1 4.6 3717 9281.3 14.3
Wausau__WI_MSA WI 122450 6.1 79.3 6.6 12.7 2.8 0.1 0.5 13.7 5.4 15.2 280 19527 8.4 3.9 2717 11400.6 39.9
West_Palm_Beach_Boca_Raton__FL_MSA FL 1018524 18 515.9 6.3 24.3 1.5 14.4 9.8 13.3 8.1 17.6 528.4 33519 12.3 6.7 6492 10310.8 65.3
Wheeling__WV_OH_MSA WV 154153 -3.2 162.2 5.6 18.5 0.4 2.1 0.4 11.1 7.4 15.8 555 18356 17.8 5.7 4968 12259.9 4.2
Wichita__KS_MSA KS 530508 9.3 178.8 7.7 11.9 2.3 8.1 5.3 16.5 10.2 16.2 324.5 21512 12.5 4.3 4765 8241.9 33.7
Wichita_Falls__TX_MSA TX 137103 5.2 89.2 7.3 13.1 2 9.4 10 15.3 8.9 13.2 444.8 19072 16.5 4.5 6062 9691.3 14.9
Williamsport__PA_MSA PA 118405 -0.3 95.9 6.4 15.8 0.5 2.7 0.7 12.1 10.2 12.4 433.2 18515 13.7 6.5 4245 9601.8 19.1
Wilmington__NC_MSA NC 213580 24.7 202.7 6.3 13.6 0.6 20 1.3 13.2 4.7 18.7 389.4 18560 15.7 5.3 4453 10194.3 95.6
Yakima__WA_MSA WA 218318 15.6 50.8 8.7 12.3 1.8 1.5 29.6 20.4 6.6 23.6 368.5 17759 23 13.4 3935 5580.4 23.7
York__PA_MSA PA 370518 9.1 409.6 6.5 13.6 0.9 3.9 2 12.5 7.8 14.9 347 21680 8.2 4.3 4238 9888.3 42.7
Youngstown_Warren__OH_MSA OH 595215 -0.9 380.7 6.3 16.2 0.5 10.2 1.5 12.8 9.4 14.7 477.9 19155 15.6 6.4 4228 7374.1 18
Yuba_City__CA_MSA CA 139315 13.6 113 9.7 11.9 11.5 3 17.5 18.3 6.9 25.4 287.4 16809 18.1 15 4834 5133 41.3